{
 "cells": [
  {
   "cell_type": "code",
   "execution_count": 1,
   "id": "92c48f64",
   "metadata": {},
   "outputs": [],
   "source": [
    "import pandas as pd\n",
    "import glob\n",
    "import os\n",
    "import numpy as np\n",
    "import re\n",
    "from turfpy.measurement import boolean_point_in_polygon\n",
    "from geojson import Point, Polygon, Feature\n",
    "import dask.dataframe as dd\n",
    "import dask.multiprocessing\n",
    "import copy\n",
    "import time\n",
    "from dask.distributed import Client\n",
    "from dask import delayed\n",
    "import matplotlib.pyplot as plt\n",
    "import xlsxwriter\n",
    "import matplotlib as mpl\n",
    "mpl.rcParams[\"agg.path.chunksize\"]=2000000"
   ]
  },
  {
   "cell_type": "code",
   "execution_count": 2,
   "id": "64909afa",
   "metadata": {},
   "outputs": [],
   "source": [
    "coords = [[(22.30879,-84.53096),  (21.38244,-87.13557),  (19.99724,-87.79592),  (19.08209,-87.73058),  (18.57891,-87.92891),  (18.93717,-88.26083),  (18.53013,-88.55112),  (17.94324,-88.12096),  (16.51103,-88.60098),  (15.76194,-89.18749),  (15.63544,-87.35024),  (15.91115,-85.01607),  (15.7259,-84.64079),  (15.0318,-83.4635),  (14.36176,-83.50395),  (12.71584,-83.71669),  (11.70429,-83.85652),  (10.94579,-83.89448),  (9.33636,-82.58612),  (8.78624,-81.77151),  (8.77857,-80.98986),  (9.26237,-79.97588),  (9.54577,-79.49716),  (9.439,-79.17226),  (9.29043,-78.43455),  (8.8271,-77.77375),  (8.58435,-77.44335),  (7.85391,-76.73433),  (8.79772,-76.33292),  (9.58412,-75.48389),  (10.50916,-75.40389),  (10.9951,-74.78248),  (10.70425,-74.35265),  (11.20138,-74.02032),  (11.00924,-73.44356),  (12.36861,-71.5869),  (12.07562,-71.32331),  (11.35944,-72.11447),  (10.46245,-71.78518),  (9.89689,-72.26918),  (9.26204,-71.96276),  (8.98431,-71.64535),  (9.03202,-71.19611),  (9.54797,-70.84933),  (10.57749,-71.36428),  (10.91398,-71.31892),  (11.07763,-70.94397),  (11.36533,-69.83968),  (11.44498,-69.31202),  (11.10873,-68.42149),  (10.4891,-68.25542),  (10.46929,-67.53875),  (10.53658,-66.80409),  (10.51205,-66.22324),  (10.09544,-65.81959),  (10.04045,-64.60579),  (10.4453,-64.17085),  (10.45554,-63.69196),  (10.58353,-63.68872),  (10.69527,-62.83954),  (10.66612,-62.24466),  (10.59377,-62.30896),  (10.52463,-62.82208),  (10.24681,-62.76871),  (9.87676,-62.33357),  (9.94654,-62.19732),  (9.9081,-62.05009),  (9.74459,-61.70068),  (10.17584,-61.05481),  (10.63159,-61.08894),  (10.8224,-60.95277),  (11.21825,-60.51798),  (12.888,-59.53852),  (13.19626,-59.333),  (13.33316,-59.46806),  (15.02249,-60.86977),  (17.6705,-61.60777),  (18.21835,-62.86403),  (18.576,-64.48925),  (18.31867,-65.70798),  (18.01193,-65.90422),  (18.0248,-67.1097),  (18.46786,-67.12564),  (18.58169,-68.27812),  (18.35092,-68.64949),  (18.59796,-69.78774),  (18.34179,-70.28446),  (18.60056,-70.97027),  (17.78298,-71.441),  (18.21484,-71.98697),  (18.2499,-72.49455),  (18.24322,-73.00212),  (18.37588,-74.34686),  (18.58884,-74.28975),  (18.3896,-72.94507),  (18.57459,-72.21127),  (19.04785,-72.72121),  (19.51466,-72.66443),  (19.76333,-73.42979),  (20.19763,-74.23539),  (20.05453,-75.51701),  (19.93326,-77.59686),  (20.55696,-77.01046),  (20.6908,-77.24391),  (21.06069,-78.30407),  (21.65482,-78.71053),  (21.63578,-79.36964),  (22.69665,-81.52281),  (22.76293,-82.68706),  (22.33212,-83.44481)]]\n",
    "polygon = Polygon(coords)\n"
   ]
  },
  {
   "cell_type": "code",
   "execution_count": 3,
   "id": "afa3a3d0",
   "metadata": {},
   "outputs": [],
   "source": [
    "files = glob.glob(r\"C:\\Users\\Christian Forero\\Desktop\\AIS\\Nueva carpeta2\\export-*.csv\")\n",
    "#"
   ]
  },
  {
   "cell_type": "code",
   "execution_count": 4,
   "id": "f75f6319",
   "metadata": {},
   "outputs": [
    {
     "name": "stdout",
     "output_type": "stream",
     "text": [
      " Digite los valores correspondistes al año, mes, día y hora de interés. Para el año son validos los valores en el formato AAAA. Para los meses y días se permite los numeros entre 1-12 y 1-31,respectivamente. Mientras que, para las horas los valores entre 1-24\n",
      "digite el año inicial: 2016\n",
      "digite el año final: 2017\n",
      "digite el mes inicial: 1\n",
      "digite el mes final: 12\n",
      "digite el día inicial: 1\n",
      "digite el día final: 31\n",
      "digite el hora inicial: 1\n",
      "digite el hora final: 24\n",
      "Si desea buscar embarcaciones digite 1 , de lo contrario digite 0: 1\n",
      "Digite el mmsi de la embarcación: 111111000\n",
      "Si desea buscar embarcaciones digite 1 , de lo contrario digite 0: 0\n",
      "[111111000]\n"
     ]
    }
   ],
   "source": [
    "\n",
    "print(\" Digite los valores correspondistes al año, mes, día y hora de interés. Para el año son validos los valores en el formato AAAA. Para los meses y días se permite los numeros entre 1-12 y 1-31,respectivamente. Mientras que, para las horas los valores entre 1-24\")\n",
    "\n",
    "AI=int(input(\"digite el año inicial: \"))\n",
    "AF=int(input(\"digite el año final: \"))\n",
    "MI=int(input(\"digite el mes inicial: \"))\n",
    "MF=int(input(\"digite el mes final: \"))\n",
    "DI=int(input(\"digite el día inicial: \"))\n",
    "DF=int(input(\"digite el día final: \"))\n",
    "HI=int(input(\"digite el hora inicial: \"))\n",
    "HF=int(input(\"digite el hora final: \"))\n",
    "QUERY_MMSI=int(input(\"Si desea buscar embarcaciones digite 1 , de lo contrario digite 0: \"))\n",
    "mmsi_list= list()\n",
    "\n",
    "while QUERY_MMSI==1:\n",
    "    MMSI=int(input(\"Digite el mmsi de la embarcación: \"))\n",
    "    mmsi_list.append(MMSI)\n",
    "    QUERY_MMSI=int(input(\"Si desea buscar embarcaciones digite 1 , de lo contrario digite 0: \"))\n",
    "    \n",
    "    \n",
    "    \n",
    "print(mmsi_list)\n"
   ]
  },
  {
   "cell_type": "code",
   "execution_count": 5,
   "id": "cc036f86",
   "metadata": {
    "scrolled": true
   },
   "outputs": [
    {
     "name": "stdout",
     "output_type": "stream",
     "text": [
      "Wall time: 2.01 s\n"
     ]
    }
   ],
   "source": [
    "%%time\n",
    "\n",
    "base = []\n",
    "for f in files:\n",
    "    df = dd.read_csv(f, usecols=(\"timestamp\", \"mmsi\", \"latitude\", \"longitude\", \"ship_and_cargo_type\"),\n",
    "                     encoding='cp1252')\n",
    "    \n",
    "    df['timestamp'] = df['timestamp'].map(lambda x: str(x)[:-3])\n",
    "    df['timestamp'] = dd.to_datetime(df.timestamp, format='%Y-%m-%d %H:%M:%S')# le cambié Fecha..pa no repetirla\n",
    "    df['Day'] = df['timestamp'].dt.day\n",
    "    df['Month'] = df['timestamp'].dt.month\n",
    "    df['Year'] = df['timestamp'].dt.year\n",
    "    df['Hour'] = df['timestamp'].dt.hour\n",
    "    \n",
    "    \n",
    "    \n",
    "    df=df[df['Year']>=AI]\n",
    "    df=df[df['Year']<=AF]\n",
    "    df=df[df['Month']>=MI]\n",
    "    df=df[df['Month']<=MF]\n",
    "    df=df[df['Day']>=DI]\n",
    "    df=df[df['Day']<=DF]\n",
    "    df=df[df['Hour']>=HI]\n",
    "    df=df[df['Hour']<=HF]\n",
    "\n",
    "    if len(mmsi_list)>0:\n",
    "        df=df[df['mmsi'].isin(mmsi_list)]\n",
    "    \n",
    "        \n",
    "    \n",
    "    \n",
    "    \n",
    "    df = df.persist()\n",
    "    \n",
    "    base.append(df) \n",
    "    "
   ]
  },
  {
   "cell_type": "code",
   "execution_count": 6,
   "id": "748643d1",
   "metadata": {},
   "outputs": [
    {
     "data": {
      "text/html": [
       "<div>\n",
       "<style scoped>\n",
       "    .dataframe tbody tr th:only-of-type {\n",
       "        vertical-align: middle;\n",
       "    }\n",
       "\n",
       "    .dataframe tbody tr th {\n",
       "        vertical-align: top;\n",
       "    }\n",
       "\n",
       "    .dataframe thead th {\n",
       "        text-align: right;\n",
       "    }\n",
       "</style>\n",
       "<table border=\"1\" class=\"dataframe\">\n",
       "  <thead>\n",
       "    <tr style=\"text-align: right;\">\n",
       "      <th></th>\n",
       "      <th>timestamp</th>\n",
       "      <th>mmsi</th>\n",
       "      <th>latitude</th>\n",
       "      <th>longitude</th>\n",
       "      <th>ship_and_cargo_type</th>\n",
       "      <th>Day</th>\n",
       "      <th>Month</th>\n",
       "      <th>Year</th>\n",
       "      <th>Hour</th>\n",
       "    </tr>\n",
       "  </thead>\n",
       "  <tbody>\n",
       "    <tr>\n",
       "      <th>3211</th>\n",
       "      <td>2016-08-27 09:53:00</td>\n",
       "      <td>111111000</td>\n",
       "      <td>10.82798</td>\n",
       "      <td>-62.303862</td>\n",
       "      <td>NaN</td>\n",
       "      <td>27</td>\n",
       "      <td>8</td>\n",
       "      <td>2016</td>\n",
       "      <td>9</td>\n",
       "    </tr>\n",
       "    <tr>\n",
       "      <th>631</th>\n",
       "      <td>2016-10-08 04:57:00</td>\n",
       "      <td>111111000</td>\n",
       "      <td>10.252733</td>\n",
       "      <td>-64.597573</td>\n",
       "      <td>NaN</td>\n",
       "      <td>8</td>\n",
       "      <td>10</td>\n",
       "      <td>2016</td>\n",
       "      <td>4</td>\n",
       "    </tr>\n",
       "    <tr>\n",
       "      <th>922</th>\n",
       "      <td>2016-09-09 06:06:00</td>\n",
       "      <td>111111000</td>\n",
       "      <td>10.460597</td>\n",
       "      <td>-64.193012</td>\n",
       "      <td>NaN</td>\n",
       "      <td>9</td>\n",
       "      <td>9</td>\n",
       "      <td>2016</td>\n",
       "      <td>6</td>\n",
       "    </tr>\n",
       "    <tr>\n",
       "      <th>1683</th>\n",
       "      <td>2016-10-04 05:40:00</td>\n",
       "      <td>111111000</td>\n",
       "      <td>10.252742</td>\n",
       "      <td>-64.59755</td>\n",
       "      <td>NaN</td>\n",
       "      <td>4</td>\n",
       "      <td>10</td>\n",
       "      <td>2016</td>\n",
       "      <td>5</td>\n",
       "    </tr>\n",
       "    <tr>\n",
       "      <th>1839</th>\n",
       "      <td>2016-10-27 09:41:00</td>\n",
       "      <td>111111000</td>\n",
       "      <td>10.252913</td>\n",
       "      <td>-64.59766</td>\n",
       "      <td>NaN</td>\n",
       "      <td>27</td>\n",
       "      <td>10</td>\n",
       "      <td>2016</td>\n",
       "      <td>9</td>\n",
       "    </tr>\n",
       "    <tr>\n",
       "      <th>2088</th>\n",
       "      <td>2016-10-31 07:13:00</td>\n",
       "      <td>111111000</td>\n",
       "      <td>10.252872</td>\n",
       "      <td>-64.597662</td>\n",
       "      <td>NaN</td>\n",
       "      <td>31</td>\n",
       "      <td>10</td>\n",
       "      <td>2016</td>\n",
       "      <td>7</td>\n",
       "    </tr>\n",
       "    <tr>\n",
       "      <th>2202</th>\n",
       "      <td>2016-10-22 21:53:00</td>\n",
       "      <td>111111000</td>\n",
       "      <td>10.252882</td>\n",
       "      <td>-64.597752</td>\n",
       "      <td>NaN</td>\n",
       "      <td>22</td>\n",
       "      <td>10</td>\n",
       "      <td>2016</td>\n",
       "      <td>21</td>\n",
       "    </tr>\n",
       "    <tr>\n",
       "      <th>2326</th>\n",
       "      <td>2016-10-08 02:22:00</td>\n",
       "      <td>111111000</td>\n",
       "      <td>10.252695</td>\n",
       "      <td>-64.597595</td>\n",
       "      <td>NaN</td>\n",
       "      <td>8</td>\n",
       "      <td>10</td>\n",
       "      <td>2016</td>\n",
       "      <td>2</td>\n",
       "    </tr>\n",
       "    <tr>\n",
       "      <th>1283</th>\n",
       "      <td>2016-08-27 09:43:00</td>\n",
       "      <td>111111000</td>\n",
       "      <td>10.827383</td>\n",
       "      <td>-62.27234</td>\n",
       "      <td>NaN</td>\n",
       "      <td>27</td>\n",
       "      <td>8</td>\n",
       "      <td>2016</td>\n",
       "      <td>9</td>\n",
       "    </tr>\n",
       "    <tr>\n",
       "      <th>1493</th>\n",
       "      <td>2016-09-27 08:48:00</td>\n",
       "      <td>111111000</td>\n",
       "      <td>10.25271</td>\n",
       "      <td>-64.597532</td>\n",
       "      <td>NaN</td>\n",
       "      <td>27</td>\n",
       "      <td>9</td>\n",
       "      <td>2016</td>\n",
       "      <td>8</td>\n",
       "    </tr>\n",
       "    <tr>\n",
       "      <th>200</th>\n",
       "      <td>2016-10-26 09:10:00</td>\n",
       "      <td>111111000</td>\n",
       "      <td>10.252847</td>\n",
       "      <td>-64.59776</td>\n",
       "      <td>NaN</td>\n",
       "      <td>26</td>\n",
       "      <td>10</td>\n",
       "      <td>2016</td>\n",
       "      <td>9</td>\n",
       "    </tr>\n",
       "    <tr>\n",
       "      <th>1034</th>\n",
       "      <td>2016-10-31 07:36:00</td>\n",
       "      <td>111111000</td>\n",
       "      <td>10.252863</td>\n",
       "      <td>-64.597655</td>\n",
       "      <td>NaN</td>\n",
       "      <td>31</td>\n",
       "      <td>10</td>\n",
       "      <td>2016</td>\n",
       "      <td>7</td>\n",
       "    </tr>\n",
       "    <tr>\n",
       "      <th>1929</th>\n",
       "      <td>2016-09-30 07:15:00</td>\n",
       "      <td>111111000</td>\n",
       "      <td>10.252727</td>\n",
       "      <td>-64.597545</td>\n",
       "      <td>NaN</td>\n",
       "      <td>30</td>\n",
       "      <td>9</td>\n",
       "      <td>2016</td>\n",
       "      <td>7</td>\n",
       "    </tr>\n",
       "    <tr>\n",
       "      <th>2290</th>\n",
       "      <td>2016-09-06 06:10:00</td>\n",
       "      <td>111111000</td>\n",
       "      <td>10.460597</td>\n",
       "      <td>-64.19301</td>\n",
       "      <td>NaN</td>\n",
       "      <td>6</td>\n",
       "      <td>9</td>\n",
       "      <td>2016</td>\n",
       "      <td>6</td>\n",
       "    </tr>\n",
       "    <tr>\n",
       "      <th>1348</th>\n",
       "      <td>2016-09-13 14:28:00</td>\n",
       "      <td>111111000</td>\n",
       "      <td>10.992322</td>\n",
       "      <td>-63.797993</td>\n",
       "      <td>NaN</td>\n",
       "      <td>13</td>\n",
       "      <td>9</td>\n",
       "      <td>2016</td>\n",
       "      <td>14</td>\n",
       "    </tr>\n",
       "    <tr>\n",
       "      <th>1629</th>\n",
       "      <td>2016-09-15 02:40:00</td>\n",
       "      <td>111111000</td>\n",
       "      <td>10.992183</td>\n",
       "      <td>-63.798587</td>\n",
       "      <td>NaN</td>\n",
       "      <td>15</td>\n",
       "      <td>9</td>\n",
       "      <td>2016</td>\n",
       "      <td>2</td>\n",
       "    </tr>\n",
       "    <tr>\n",
       "      <th>2026</th>\n",
       "      <td>2016-10-06 05:08:00</td>\n",
       "      <td>111111000</td>\n",
       "      <td>10.252742</td>\n",
       "      <td>-64.597587</td>\n",
       "      <td>NaN</td>\n",
       "      <td>6</td>\n",
       "      <td>10</td>\n",
       "      <td>2016</td>\n",
       "      <td>5</td>\n",
       "    </tr>\n",
       "    <tr>\n",
       "      <th>202</th>\n",
       "      <td>2016-10-30 07:32:00</td>\n",
       "      <td>111111000</td>\n",
       "      <td>10.252892</td>\n",
       "      <td>-64.597625</td>\n",
       "      <td>NaN</td>\n",
       "      <td>30</td>\n",
       "      <td>10</td>\n",
       "      <td>2016</td>\n",
       "      <td>7</td>\n",
       "    </tr>\n",
       "    <tr>\n",
       "      <th>387</th>\n",
       "      <td>2016-10-08 04:32:00</td>\n",
       "      <td>111111000</td>\n",
       "      <td>10.252735</td>\n",
       "      <td>-64.5976</td>\n",
       "      <td>NaN</td>\n",
       "      <td>8</td>\n",
       "      <td>10</td>\n",
       "      <td>2016</td>\n",
       "      <td>4</td>\n",
       "    </tr>\n",
       "    <tr>\n",
       "      <th>1141</th>\n",
       "      <td>2016-09-04 06:46:00</td>\n",
       "      <td>111111000</td>\n",
       "      <td>10.460537</td>\n",
       "      <td>-64.193087</td>\n",
       "      <td>NaN</td>\n",
       "      <td>4</td>\n",
       "      <td>9</td>\n",
       "      <td>2016</td>\n",
       "      <td>6</td>\n",
       "    </tr>\n",
       "    <tr>\n",
       "      <th>1805</th>\n",
       "      <td>2016-08-31 19:22:00</td>\n",
       "      <td>111111000</td>\n",
       "      <td>10.460602</td>\n",
       "      <td>-64.19297</td>\n",
       "      <td>NaN</td>\n",
       "      <td>31</td>\n",
       "      <td>8</td>\n",
       "      <td>2016</td>\n",
       "      <td>19</td>\n",
       "    </tr>\n",
       "    <tr>\n",
       "      <th>332</th>\n",
       "      <td>2016-10-20 23:34:00</td>\n",
       "      <td>111111000</td>\n",
       "      <td>10.252825</td>\n",
       "      <td>-64.597753</td>\n",
       "      <td>NaN</td>\n",
       "      <td>20</td>\n",
       "      <td>10</td>\n",
       "      <td>2016</td>\n",
       "      <td>23</td>\n",
       "    </tr>\n",
       "    <tr>\n",
       "      <th>485</th>\n",
       "      <td>2016-09-28 20:42:00</td>\n",
       "      <td>111111000</td>\n",
       "      <td>10.252612</td>\n",
       "      <td>-64.597605</td>\n",
       "      <td>NaN</td>\n",
       "      <td>28</td>\n",
       "      <td>9</td>\n",
       "      <td>2016</td>\n",
       "      <td>20</td>\n",
       "    </tr>\n",
       "  </tbody>\n",
       "</table>\n",
       "</div>"
      ],
      "text/plain": [
       "               timestamp       mmsi   latitude  longitude ship_and_cargo_type  \\\n",
       "3211 2016-08-27 09:53:00  111111000   10.82798 -62.303862                 NaN   \n",
       "631  2016-10-08 04:57:00  111111000  10.252733 -64.597573                 NaN   \n",
       "922  2016-09-09 06:06:00  111111000  10.460597 -64.193012                 NaN   \n",
       "1683 2016-10-04 05:40:00  111111000  10.252742  -64.59755                 NaN   \n",
       "1839 2016-10-27 09:41:00  111111000  10.252913  -64.59766                 NaN   \n",
       "2088 2016-10-31 07:13:00  111111000  10.252872 -64.597662                 NaN   \n",
       "2202 2016-10-22 21:53:00  111111000  10.252882 -64.597752                 NaN   \n",
       "2326 2016-10-08 02:22:00  111111000  10.252695 -64.597595                 NaN   \n",
       "1283 2016-08-27 09:43:00  111111000  10.827383  -62.27234                 NaN   \n",
       "1493 2016-09-27 08:48:00  111111000   10.25271 -64.597532                 NaN   \n",
       "200  2016-10-26 09:10:00  111111000  10.252847  -64.59776                 NaN   \n",
       "1034 2016-10-31 07:36:00  111111000  10.252863 -64.597655                 NaN   \n",
       "1929 2016-09-30 07:15:00  111111000  10.252727 -64.597545                 NaN   \n",
       "2290 2016-09-06 06:10:00  111111000  10.460597  -64.19301                 NaN   \n",
       "1348 2016-09-13 14:28:00  111111000  10.992322 -63.797993                 NaN   \n",
       "1629 2016-09-15 02:40:00  111111000  10.992183 -63.798587                 NaN   \n",
       "2026 2016-10-06 05:08:00  111111000  10.252742 -64.597587                 NaN   \n",
       "202  2016-10-30 07:32:00  111111000  10.252892 -64.597625                 NaN   \n",
       "387  2016-10-08 04:32:00  111111000  10.252735   -64.5976                 NaN   \n",
       "1141 2016-09-04 06:46:00  111111000  10.460537 -64.193087                 NaN   \n",
       "1805 2016-08-31 19:22:00  111111000  10.460602  -64.19297                 NaN   \n",
       "332  2016-10-20 23:34:00  111111000  10.252825 -64.597753                 NaN   \n",
       "485  2016-09-28 20:42:00  111111000  10.252612 -64.597605                 NaN   \n",
       "\n",
       "      Day  Month  Year  Hour  \n",
       "3211   27      8  2016     9  \n",
       "631     8     10  2016     4  \n",
       "922     9      9  2016     6  \n",
       "1683    4     10  2016     5  \n",
       "1839   27     10  2016     9  \n",
       "2088   31     10  2016     7  \n",
       "2202   22     10  2016    21  \n",
       "2326    8     10  2016     2  \n",
       "1283   27      8  2016     9  \n",
       "1493   27      9  2016     8  \n",
       "200    26     10  2016     9  \n",
       "1034   31     10  2016     7  \n",
       "1929   30      9  2016     7  \n",
       "2290    6      9  2016     6  \n",
       "1348   13      9  2016    14  \n",
       "1629   15      9  2016     2  \n",
       "2026    6     10  2016     5  \n",
       "202    30     10  2016     7  \n",
       "387     8     10  2016     4  \n",
       "1141    4      9  2016     6  \n",
       "1805   31      8  2016    19  \n",
       "332    20     10  2016    23  \n",
       "485    28      9  2016    20  "
      ]
     },
     "execution_count": 6,
     "metadata": {},
     "output_type": "execute_result"
    }
   ],
   "source": [
    "dataframe_final=dd.concat(base,axis=0,interleave_partitions=True)\n",
    "df_= dataframe_final.persist()\n",
    "df_final=df_.copy()\n",
    "df_final.compute()"
   ]
  },
  {
   "cell_type": "code",
   "execution_count": 7,
   "id": "f6836a76",
   "metadata": {},
   "outputs": [
    {
     "data": {
      "text/html": [
       "<div>\n",
       "<style scoped>\n",
       "    .dataframe tbody tr th:only-of-type {\n",
       "        vertical-align: middle;\n",
       "    }\n",
       "\n",
       "    .dataframe tbody tr th {\n",
       "        vertical-align: top;\n",
       "    }\n",
       "\n",
       "    .dataframe thead th {\n",
       "        text-align: right;\n",
       "    }\n",
       "</style>\n",
       "<table border=\"1\" class=\"dataframe\">\n",
       "  <thead>\n",
       "    <tr style=\"text-align: right;\">\n",
       "      <th></th>\n",
       "      <th>timestamp</th>\n",
       "      <th>mmsi</th>\n",
       "      <th>latitude</th>\n",
       "      <th>longitude</th>\n",
       "      <th>ship_and_cargo_type</th>\n",
       "      <th>Day</th>\n",
       "      <th>Month</th>\n",
       "      <th>Year</th>\n",
       "      <th>Hour</th>\n",
       "    </tr>\n",
       "  </thead>\n",
       "  <tbody>\n",
       "    <tr>\n",
       "      <th>1283</th>\n",
       "      <td>2016-08-27 09:43:00</td>\n",
       "      <td>111111000</td>\n",
       "      <td>10.827383</td>\n",
       "      <td>-62.27234</td>\n",
       "      <td>NaN</td>\n",
       "      <td>27</td>\n",
       "      <td>8</td>\n",
       "      <td>2016</td>\n",
       "      <td>9</td>\n",
       "    </tr>\n",
       "    <tr>\n",
       "      <th>3211</th>\n",
       "      <td>2016-08-27 09:53:00</td>\n",
       "      <td>111111000</td>\n",
       "      <td>10.82798</td>\n",
       "      <td>-62.303862</td>\n",
       "      <td>NaN</td>\n",
       "      <td>27</td>\n",
       "      <td>8</td>\n",
       "      <td>2016</td>\n",
       "      <td>9</td>\n",
       "    </tr>\n",
       "    <tr>\n",
       "      <th>1805</th>\n",
       "      <td>2016-08-31 19:22:00</td>\n",
       "      <td>111111000</td>\n",
       "      <td>10.460602</td>\n",
       "      <td>-64.19297</td>\n",
       "      <td>NaN</td>\n",
       "      <td>31</td>\n",
       "      <td>8</td>\n",
       "      <td>2016</td>\n",
       "      <td>19</td>\n",
       "    </tr>\n",
       "    <tr>\n",
       "      <th>1141</th>\n",
       "      <td>2016-09-04 06:46:00</td>\n",
       "      <td>111111000</td>\n",
       "      <td>10.460537</td>\n",
       "      <td>-64.193087</td>\n",
       "      <td>NaN</td>\n",
       "      <td>4</td>\n",
       "      <td>9</td>\n",
       "      <td>2016</td>\n",
       "      <td>6</td>\n",
       "    </tr>\n",
       "    <tr>\n",
       "      <th>2290</th>\n",
       "      <td>2016-09-06 06:10:00</td>\n",
       "      <td>111111000</td>\n",
       "      <td>10.460597</td>\n",
       "      <td>-64.19301</td>\n",
       "      <td>NaN</td>\n",
       "      <td>6</td>\n",
       "      <td>9</td>\n",
       "      <td>2016</td>\n",
       "      <td>6</td>\n",
       "    </tr>\n",
       "    <tr>\n",
       "      <th>922</th>\n",
       "      <td>2016-09-09 06:06:00</td>\n",
       "      <td>111111000</td>\n",
       "      <td>10.460597</td>\n",
       "      <td>-64.193012</td>\n",
       "      <td>NaN</td>\n",
       "      <td>9</td>\n",
       "      <td>9</td>\n",
       "      <td>2016</td>\n",
       "      <td>6</td>\n",
       "    </tr>\n",
       "    <tr>\n",
       "      <th>1348</th>\n",
       "      <td>2016-09-13 14:28:00</td>\n",
       "      <td>111111000</td>\n",
       "      <td>10.992322</td>\n",
       "      <td>-63.797993</td>\n",
       "      <td>NaN</td>\n",
       "      <td>13</td>\n",
       "      <td>9</td>\n",
       "      <td>2016</td>\n",
       "      <td>14</td>\n",
       "    </tr>\n",
       "    <tr>\n",
       "      <th>1629</th>\n",
       "      <td>2016-09-15 02:40:00</td>\n",
       "      <td>111111000</td>\n",
       "      <td>10.992183</td>\n",
       "      <td>-63.798587</td>\n",
       "      <td>NaN</td>\n",
       "      <td>15</td>\n",
       "      <td>9</td>\n",
       "      <td>2016</td>\n",
       "      <td>2</td>\n",
       "    </tr>\n",
       "    <tr>\n",
       "      <th>1493</th>\n",
       "      <td>2016-09-27 08:48:00</td>\n",
       "      <td>111111000</td>\n",
       "      <td>10.25271</td>\n",
       "      <td>-64.597532</td>\n",
       "      <td>NaN</td>\n",
       "      <td>27</td>\n",
       "      <td>9</td>\n",
       "      <td>2016</td>\n",
       "      <td>8</td>\n",
       "    </tr>\n",
       "    <tr>\n",
       "      <th>485</th>\n",
       "      <td>2016-09-28 20:42:00</td>\n",
       "      <td>111111000</td>\n",
       "      <td>10.252612</td>\n",
       "      <td>-64.597605</td>\n",
       "      <td>NaN</td>\n",
       "      <td>28</td>\n",
       "      <td>9</td>\n",
       "      <td>2016</td>\n",
       "      <td>20</td>\n",
       "    </tr>\n",
       "    <tr>\n",
       "      <th>1929</th>\n",
       "      <td>2016-09-30 07:15:00</td>\n",
       "      <td>111111000</td>\n",
       "      <td>10.252727</td>\n",
       "      <td>-64.597545</td>\n",
       "      <td>NaN</td>\n",
       "      <td>30</td>\n",
       "      <td>9</td>\n",
       "      <td>2016</td>\n",
       "      <td>7</td>\n",
       "    </tr>\n",
       "    <tr>\n",
       "      <th>1683</th>\n",
       "      <td>2016-10-04 05:40:00</td>\n",
       "      <td>111111000</td>\n",
       "      <td>10.252742</td>\n",
       "      <td>-64.59755</td>\n",
       "      <td>NaN</td>\n",
       "      <td>4</td>\n",
       "      <td>10</td>\n",
       "      <td>2016</td>\n",
       "      <td>5</td>\n",
       "    </tr>\n",
       "    <tr>\n",
       "      <th>2026</th>\n",
       "      <td>2016-10-06 05:08:00</td>\n",
       "      <td>111111000</td>\n",
       "      <td>10.252742</td>\n",
       "      <td>-64.597587</td>\n",
       "      <td>NaN</td>\n",
       "      <td>6</td>\n",
       "      <td>10</td>\n",
       "      <td>2016</td>\n",
       "      <td>5</td>\n",
       "    </tr>\n",
       "    <tr>\n",
       "      <th>2326</th>\n",
       "      <td>2016-10-08 02:22:00</td>\n",
       "      <td>111111000</td>\n",
       "      <td>10.252695</td>\n",
       "      <td>-64.597595</td>\n",
       "      <td>NaN</td>\n",
       "      <td>8</td>\n",
       "      <td>10</td>\n",
       "      <td>2016</td>\n",
       "      <td>2</td>\n",
       "    </tr>\n",
       "    <tr>\n",
       "      <th>387</th>\n",
       "      <td>2016-10-08 04:32:00</td>\n",
       "      <td>111111000</td>\n",
       "      <td>10.252735</td>\n",
       "      <td>-64.5976</td>\n",
       "      <td>NaN</td>\n",
       "      <td>8</td>\n",
       "      <td>10</td>\n",
       "      <td>2016</td>\n",
       "      <td>4</td>\n",
       "    </tr>\n",
       "    <tr>\n",
       "      <th>631</th>\n",
       "      <td>2016-10-08 04:57:00</td>\n",
       "      <td>111111000</td>\n",
       "      <td>10.252733</td>\n",
       "      <td>-64.597573</td>\n",
       "      <td>NaN</td>\n",
       "      <td>8</td>\n",
       "      <td>10</td>\n",
       "      <td>2016</td>\n",
       "      <td>4</td>\n",
       "    </tr>\n",
       "    <tr>\n",
       "      <th>332</th>\n",
       "      <td>2016-10-20 23:34:00</td>\n",
       "      <td>111111000</td>\n",
       "      <td>10.252825</td>\n",
       "      <td>-64.597753</td>\n",
       "      <td>NaN</td>\n",
       "      <td>20</td>\n",
       "      <td>10</td>\n",
       "      <td>2016</td>\n",
       "      <td>23</td>\n",
       "    </tr>\n",
       "    <tr>\n",
       "      <th>2202</th>\n",
       "      <td>2016-10-22 21:53:00</td>\n",
       "      <td>111111000</td>\n",
       "      <td>10.252882</td>\n",
       "      <td>-64.597752</td>\n",
       "      <td>NaN</td>\n",
       "      <td>22</td>\n",
       "      <td>10</td>\n",
       "      <td>2016</td>\n",
       "      <td>21</td>\n",
       "    </tr>\n",
       "    <tr>\n",
       "      <th>200</th>\n",
       "      <td>2016-10-26 09:10:00</td>\n",
       "      <td>111111000</td>\n",
       "      <td>10.252847</td>\n",
       "      <td>-64.59776</td>\n",
       "      <td>NaN</td>\n",
       "      <td>26</td>\n",
       "      <td>10</td>\n",
       "      <td>2016</td>\n",
       "      <td>9</td>\n",
       "    </tr>\n",
       "    <tr>\n",
       "      <th>1839</th>\n",
       "      <td>2016-10-27 09:41:00</td>\n",
       "      <td>111111000</td>\n",
       "      <td>10.252913</td>\n",
       "      <td>-64.59766</td>\n",
       "      <td>NaN</td>\n",
       "      <td>27</td>\n",
       "      <td>10</td>\n",
       "      <td>2016</td>\n",
       "      <td>9</td>\n",
       "    </tr>\n",
       "    <tr>\n",
       "      <th>202</th>\n",
       "      <td>2016-10-30 07:32:00</td>\n",
       "      <td>111111000</td>\n",
       "      <td>10.252892</td>\n",
       "      <td>-64.597625</td>\n",
       "      <td>NaN</td>\n",
       "      <td>30</td>\n",
       "      <td>10</td>\n",
       "      <td>2016</td>\n",
       "      <td>7</td>\n",
       "    </tr>\n",
       "    <tr>\n",
       "      <th>2088</th>\n",
       "      <td>2016-10-31 07:13:00</td>\n",
       "      <td>111111000</td>\n",
       "      <td>10.252872</td>\n",
       "      <td>-64.597662</td>\n",
       "      <td>NaN</td>\n",
       "      <td>31</td>\n",
       "      <td>10</td>\n",
       "      <td>2016</td>\n",
       "      <td>7</td>\n",
       "    </tr>\n",
       "    <tr>\n",
       "      <th>1034</th>\n",
       "      <td>2016-10-31 07:36:00</td>\n",
       "      <td>111111000</td>\n",
       "      <td>10.252863</td>\n",
       "      <td>-64.597655</td>\n",
       "      <td>NaN</td>\n",
       "      <td>31</td>\n",
       "      <td>10</td>\n",
       "      <td>2016</td>\n",
       "      <td>7</td>\n",
       "    </tr>\n",
       "  </tbody>\n",
       "</table>\n",
       "</div>"
      ],
      "text/plain": [
       "               timestamp       mmsi   latitude  longitude ship_and_cargo_type  \\\n",
       "1283 2016-08-27 09:43:00  111111000  10.827383  -62.27234                 NaN   \n",
       "3211 2016-08-27 09:53:00  111111000   10.82798 -62.303862                 NaN   \n",
       "1805 2016-08-31 19:22:00  111111000  10.460602  -64.19297                 NaN   \n",
       "1141 2016-09-04 06:46:00  111111000  10.460537 -64.193087                 NaN   \n",
       "2290 2016-09-06 06:10:00  111111000  10.460597  -64.19301                 NaN   \n",
       "922  2016-09-09 06:06:00  111111000  10.460597 -64.193012                 NaN   \n",
       "1348 2016-09-13 14:28:00  111111000  10.992322 -63.797993                 NaN   \n",
       "1629 2016-09-15 02:40:00  111111000  10.992183 -63.798587                 NaN   \n",
       "1493 2016-09-27 08:48:00  111111000   10.25271 -64.597532                 NaN   \n",
       "485  2016-09-28 20:42:00  111111000  10.252612 -64.597605                 NaN   \n",
       "1929 2016-09-30 07:15:00  111111000  10.252727 -64.597545                 NaN   \n",
       "1683 2016-10-04 05:40:00  111111000  10.252742  -64.59755                 NaN   \n",
       "2026 2016-10-06 05:08:00  111111000  10.252742 -64.597587                 NaN   \n",
       "2326 2016-10-08 02:22:00  111111000  10.252695 -64.597595                 NaN   \n",
       "387  2016-10-08 04:32:00  111111000  10.252735   -64.5976                 NaN   \n",
       "631  2016-10-08 04:57:00  111111000  10.252733 -64.597573                 NaN   \n",
       "332  2016-10-20 23:34:00  111111000  10.252825 -64.597753                 NaN   \n",
       "2202 2016-10-22 21:53:00  111111000  10.252882 -64.597752                 NaN   \n",
       "200  2016-10-26 09:10:00  111111000  10.252847  -64.59776                 NaN   \n",
       "1839 2016-10-27 09:41:00  111111000  10.252913  -64.59766                 NaN   \n",
       "202  2016-10-30 07:32:00  111111000  10.252892 -64.597625                 NaN   \n",
       "2088 2016-10-31 07:13:00  111111000  10.252872 -64.597662                 NaN   \n",
       "1034 2016-10-31 07:36:00  111111000  10.252863 -64.597655                 NaN   \n",
       "\n",
       "      Day  Month  Year  Hour  \n",
       "1283   27      8  2016     9  \n",
       "3211   27      8  2016     9  \n",
       "1805   31      8  2016    19  \n",
       "1141    4      9  2016     6  \n",
       "2290    6      9  2016     6  \n",
       "922     9      9  2016     6  \n",
       "1348   13      9  2016    14  \n",
       "1629   15      9  2016     2  \n",
       "1493   27      9  2016     8  \n",
       "485    28      9  2016    20  \n",
       "1929   30      9  2016     7  \n",
       "1683    4     10  2016     5  \n",
       "2026    6     10  2016     5  \n",
       "2326    8     10  2016     2  \n",
       "387     8     10  2016     4  \n",
       "631     8     10  2016     4  \n",
       "332    20     10  2016    23  \n",
       "2202   22     10  2016    21  \n",
       "200    26     10  2016     9  \n",
       "1839   27     10  2016     9  \n",
       "202    30     10  2016     7  \n",
       "2088   31     10  2016     7  \n",
       "1034   31     10  2016     7  "
      ]
     },
     "execution_count": 7,
     "metadata": {},
     "output_type": "execute_result"
    }
   ],
   "source": [
    "df_final_df=df_final.sort_values(by=['mmsi']).compute()\n",
    "df_final_df=df_final_df.sort_values(by=['mmsi','timestamp'])\n",
    "df_final_df"
   ]
  },
  {
   "cell_type": "code",
   "execution_count": 8,
   "id": "494c8d5a",
   "metadata": {},
   "outputs": [],
   "source": [
    "df_final_df[\"Estado\"]=\"0\""
   ]
  },
  {
   "cell_type": "code",
   "execution_count": 9,
   "id": "17bdffb7",
   "metadata": {},
   "outputs": [],
   "source": [
    "import numpy as np"
   ]
  },
  {
   "cell_type": "code",
   "execution_count": 10,
   "id": "644a9979",
   "metadata": {},
   "outputs": [],
   "source": [
    "for i in range(len(df_final_df)-1):\n",
    "    if df_final_df.iloc[i].mmsi==df_final_df.iloc[i+1].mmsi:\n",
    "        df_final_df.at[df_final_df.index[i], 'Estado'] = np.sqrt((df_final_df.iloc[i].latitude-df_final_df.iloc[i-1].latitude)**2+(df_final_df.iloc[i].longitude-df_final_df.iloc[i-1].longitude)**2)\n",
    "        if (df_final_df.at[df_final_df.index[i], 'Estado']>=1).any():\n",
    "            df_final_df.at[df_final_df.index[i], 'Estado']=\"En movimiento\"\n",
    "        else:\n",
    "            df_final_df.at[df_final_df.index[i], 'Estado']=\"Detenido\"\n",
    "    else:\n",
    "            df_final_df.at[df_final_df.index[i], 'Estado']=\"Detenido\"\n",
    "    "
   ]
  },
  {
   "cell_type": "code",
   "execution_count": 11,
   "id": "7a3fc944",
   "metadata": {},
   "outputs": [
    {
     "data": {
      "text/html": [
       "<div>\n",
       "<style scoped>\n",
       "    .dataframe tbody tr th:only-of-type {\n",
       "        vertical-align: middle;\n",
       "    }\n",
       "\n",
       "    .dataframe tbody tr th {\n",
       "        vertical-align: top;\n",
       "    }\n",
       "\n",
       "    .dataframe thead th {\n",
       "        text-align: right;\n",
       "    }\n",
       "</style>\n",
       "<table border=\"1\" class=\"dataframe\">\n",
       "  <thead>\n",
       "    <tr style=\"text-align: right;\">\n",
       "      <th></th>\n",
       "      <th>timestamp</th>\n",
       "      <th>mmsi</th>\n",
       "      <th>latitude</th>\n",
       "      <th>longitude</th>\n",
       "      <th>ship_and_cargo_type</th>\n",
       "      <th>Day</th>\n",
       "      <th>Month</th>\n",
       "      <th>Year</th>\n",
       "      <th>Hour</th>\n",
       "      <th>Estado</th>\n",
       "    </tr>\n",
       "  </thead>\n",
       "  <tbody>\n",
       "    <tr>\n",
       "      <th>1283</th>\n",
       "      <td>2016-08-27 09:43:00</td>\n",
       "      <td>111111000</td>\n",
       "      <td>10.827383</td>\n",
       "      <td>-62.27234</td>\n",
       "      <td>NaN</td>\n",
       "      <td>27</td>\n",
       "      <td>8</td>\n",
       "      <td>2016</td>\n",
       "      <td>9</td>\n",
       "      <td>En movimiento</td>\n",
       "    </tr>\n",
       "    <tr>\n",
       "      <th>3211</th>\n",
       "      <td>2016-08-27 09:53:00</td>\n",
       "      <td>111111000</td>\n",
       "      <td>10.82798</td>\n",
       "      <td>-62.303862</td>\n",
       "      <td>NaN</td>\n",
       "      <td>27</td>\n",
       "      <td>8</td>\n",
       "      <td>2016</td>\n",
       "      <td>9</td>\n",
       "      <td>Detenido</td>\n",
       "    </tr>\n",
       "    <tr>\n",
       "      <th>1805</th>\n",
       "      <td>2016-08-31 19:22:00</td>\n",
       "      <td>111111000</td>\n",
       "      <td>10.460602</td>\n",
       "      <td>-64.19297</td>\n",
       "      <td>NaN</td>\n",
       "      <td>31</td>\n",
       "      <td>8</td>\n",
       "      <td>2016</td>\n",
       "      <td>19</td>\n",
       "      <td>En movimiento</td>\n",
       "    </tr>\n",
       "    <tr>\n",
       "      <th>1141</th>\n",
       "      <td>2016-09-04 06:46:00</td>\n",
       "      <td>111111000</td>\n",
       "      <td>10.460537</td>\n",
       "      <td>-64.193087</td>\n",
       "      <td>NaN</td>\n",
       "      <td>4</td>\n",
       "      <td>9</td>\n",
       "      <td>2016</td>\n",
       "      <td>6</td>\n",
       "      <td>Detenido</td>\n",
       "    </tr>\n",
       "    <tr>\n",
       "      <th>2290</th>\n",
       "      <td>2016-09-06 06:10:00</td>\n",
       "      <td>111111000</td>\n",
       "      <td>10.460597</td>\n",
       "      <td>-64.19301</td>\n",
       "      <td>NaN</td>\n",
       "      <td>6</td>\n",
       "      <td>9</td>\n",
       "      <td>2016</td>\n",
       "      <td>6</td>\n",
       "      <td>Detenido</td>\n",
       "    </tr>\n",
       "    <tr>\n",
       "      <th>922</th>\n",
       "      <td>2016-09-09 06:06:00</td>\n",
       "      <td>111111000</td>\n",
       "      <td>10.460597</td>\n",
       "      <td>-64.193012</td>\n",
       "      <td>NaN</td>\n",
       "      <td>9</td>\n",
       "      <td>9</td>\n",
       "      <td>2016</td>\n",
       "      <td>6</td>\n",
       "      <td>Detenido</td>\n",
       "    </tr>\n",
       "    <tr>\n",
       "      <th>1348</th>\n",
       "      <td>2016-09-13 14:28:00</td>\n",
       "      <td>111111000</td>\n",
       "      <td>10.992322</td>\n",
       "      <td>-63.797993</td>\n",
       "      <td>NaN</td>\n",
       "      <td>13</td>\n",
       "      <td>9</td>\n",
       "      <td>2016</td>\n",
       "      <td>14</td>\n",
       "      <td>Detenido</td>\n",
       "    </tr>\n",
       "    <tr>\n",
       "      <th>1629</th>\n",
       "      <td>2016-09-15 02:40:00</td>\n",
       "      <td>111111000</td>\n",
       "      <td>10.992183</td>\n",
